{\rtf1\ansi\ansicpg1252\cocoartf2512
\cocoatextscaling0\cocoaplatform0{\fonttbl\f0\fswiss\fcharset0 Helvetica;}
{\colortbl;\red255\green255\blue255;}
{\*\expandedcolortbl;;}
\margl1440\margr1440\vieww17160\viewh8400\viewkind0
\pard\tx720\tx1440\tx2160\tx2880\tx3600\tx4320\tx5040\tx5760\tx6480\tx7200\tx7920\tx8640\pardirnatural\partightenfactor0

\f0\fs24 \cf0 # General sensor definitions.\
sensor_type: camera\
comment: VI-Sensor cam0 (MT9M034)\
\
# Sensor extrinsics wrt. the body-frame.\
T_BS:\
  cols: 4\
  rows: 4\
  data: [-0.9995250378696743, 0.029615343885863205, -0.008522328211654736, 0.04727988224914392,\
         0.0075019185074052044, -0.03439736061393144, -0.9993800792498829, -0.047443232143367084,\
        -0.02989013031643309, -0.998969345370175, 0.03415885127385616, -0.0681999605066297,\
         0.0, 0.0, 0.0, 1.0]\
\
# Camera specific definitions.\
rate_hz: 20\
resolution: [512, 512]\
camera_model: pinhole\
intrinsics: [190.97847715128717, 190.9733070521226, 254.93170605935475, 256.8974428996504] #fu, fv, cu, cv\
distortion_model: equidistant\
distortion_coefficients: [0.0034823894022493434, 0.0007150348452162257, -0.0020532361418706202, 0.00020293673591811182]}